10
12
14
16
18
20
22
24
26
28
30
32
34
36
38
40
42
44
46
48
50
52
54
56
58
60
62
64
66
68
70
72
74
76
78
80
82
84
86
88
90
92
94
96
98
102
105
108
120
123
126
129
141
144
147
162
165
168
180
183
186
189
201
204
207
222
225
228
240
243
246
249
261
264
267
282
285
288
300
303
306
309
321
324
327
342
345
348
360
363
366
369
381
384
387
402
405
408
420
423
426
429
441
444
447
462
465
468
480
483
486
489
501
504
507
522
525
528
540
543
546
549
561
564
567
582
585
588
600
603
606
609
621
624
627
642
645
648
660
663
666
669
681
684
687
702
705
708
720
723
726
729
741
744
747
762
765
768
780
783
786
789
801
804
807
822
825
828
840
843
846
849
861
864
867
882
885
888
900
903
906
909
921
924
927
942
945
948
960
963
966
969
981
984
987
1020
1024
1028
1052
1056
1080
1084
1088
1200
1204
1208
1232
1236
1260
1264
1268
1292
1296
1412
1416
1440
1444
1448
1472
1476
1620
1624
1628
1652
1656
1680
1684
1688
1800
1804
1808
1832
1836
1860
1864
1868
1892
1896
2012
2016
2040
2044
2048
2072
2076
2220
2224
2228
2252
2256
2280
2284
2288
2400
2404
2408
2432
2436
2460
2464
2468
2492
2496
2612
2616
2640
2644
2648
2672
2676
2820
2824
2828
2852
2856
2880
2884
2888
3000
3004
3008
3032
3036
3060
3064
3068
3092
3096
3212
3216
3240
3244
3248
3272
3276
3420
3424
3428
3452
3456
3480
3484
3488
3600
3604
3608
3632
3636
3660
3664
3668
3692
3696
3812
3816
3840
3844
3848
3872
3876
4020
4024
4028
4052
4056
4080
4084
4088
4200
4204
4208
4232
4236
4260
4264
4268
4292
4296
4412
4416
4440
4444
4448
4472
4476
4620
4624
4628
4652
4656
4680
4684
4688
4800
4804
4808
4832
4836
4860
4864
4868
4892
4896
5012
5016
5040
5044
5048
5072
5076
5220
5224
5228
5252
5256
5280
5284
5288
5400
5404
5408
5432
5436
5460
5464
5468
5492
5496
5612
5616
5640
5644
5648
5672
5676
5820
5824
5828
5852
5856
5880
5884
5888
6000
6004
6008
6032
6036
6060
6064
6068
6092
6096
6212
6216
6240
6244
6248
6272
6276
6420
6424
6428
6452
6456
6480
6484
6488
6600
6604
6608
6632
6636
6660
6664
6668
6692
6696
6812
6816
6840
6844
6848
6872
6876
7020
7024
7028
7052
7056
7080
7084
7088
7200
7204
7208
7232
7236
7260
7264
7268
7292
7296
7412
7416
7440
7444
7448
7472
7476
7620
7624
7628
7652
7656
7680
7684
7688
7800
7804
7808
7832
7836
7860
7864
7868
7892
7896
8012
8016
8040
8044
8048
8072
8076
8220
8224
8228
8252
8256
8280
8284
8288
8400
8404
8408
8432
8436
8460
8464
8468
8492
8496
8612
8616
8640
8644
8648
8672
8676
8820
8824
8828
8852
8856
8880
8884
8888
9000
9004
9008
9032
9036
9060
9064
9068
9092
9096
9212
9216
9240
9244
9248
9272
9276
9420
9424
9428
9452
9456
9480
9484
9488
9600
9604
9608
9632
9636
9660
9664
9668
9692
9696
9812
9816
9840
9844
9848
9872
9876
10200
10205
10240
10245
10280
10285
10520
10525
10560
10565
10800
10805
10840
10845
10880
10885
12000
12005
12040
12045
12080
12085
12320
12325
12360
12365
12600
12605
12640
12645
12680
12685
12920
12925
12960
12965
14120
14125
14160
14165
14400
14405
14440
14445
14480
14485
14720
14725
14760
14765
16200
16205
16240
16245
16280
16285
16520
16525
16560
16565
16800
16805
16840
16845
16880
16885
18000
18005
18040
18045
18080
18085
18320
18325
18360
18365
18600
18605
18640
18645
18680
18685
18920
18925
18960
18965
20120
20125
20160
20165
20400
20405
20440
20445
20480
20485
20720
20725
20760
20765
22200
22205
22240
22245
22280
22285
22520
22525
22560
22565
22800
22805
22840
22845
22880
22885
24000
24005
24040
24045
24080
24085
24320
24325
24360
24365
24600
24605
24640
24645
24680
24685
24920
24925
24960
24965
26120
26125
26160
26165
26400
26405
26440
26445
26480
26485
26720
26725
26760
26765
28200
28205
28240
28245
28280
28285
28520
28525
28560
28565
28800
28805
28840
28845
28880
28885
30000
30005
30040
30045
30080
30085
30320
30325
30360
30365
30600
30605
30640
30645
30680
30685
30920
30925
30960
30965
32120
32125
32160
32165
32400
32405
32440
32445
32480
32485
32720
32725
32760
32765
34200
34205
34240
34245
34280
34285
34520
34525
34560
34565
34800
34805
34840
34845
34880
34885
36000
36005
36040
36045
36080
36085
36320
36325
36360
36365
36600
36605
36640
36645
36680
36685
36920
36925
36960
36965
38120
38125
38160
38165
38400
38405
38440
38445
38480
38485
38720
38725
38760
38765
40200
40205
40240
40245
40280
40285
40520
40525
40560
40565
40800
40805
40840
40845
40880
40885
42000
42005
42040
42045
42080
42085
42320
42325
42360
42365
42600
42605
42640
42645
42680
42685
42920
42925
42960
42965
44120
44125
44160
44165
44400
44405
44440
44445
44480
44485
44720
44725
44760
44765
46200
46205
46240
46245
46280
46285
46520
46525
46560
46565
46800
46805
46840
46845
46880
46885
48000
48005
48040
48045
48080
48085
48320
48325
48360
48365
48600
48605
48640
48645
48680
48685
48920
48925
48960
48965
50120
50125
50160
50165
50400
50405
50440
50445
50480
50485
50720
50725
50760
50765
52200
52205
52240
52245
52280
52285
52520
52525
52560
52565
52800
52805
52840
52845
52880
52885
54000
54005
54040
54045
54080
54085
54320
54325
54360
54365
54600
54605
54640
54645
54680
54685
54920
54925
54960
54965
56120
56125
56160
56165
56400
56405
56440
56445
56480
56485
56720
56725
56760
56765
58200
58205
58240
58245
58280
58285
58520
58525
58560
58565
58800
58805
58840
58845
58880
58885
60000
60005
60040
60045
60080
60085
60320
60325
60360
60365
60600
60605
60640
60645
60680
60685
60920
60925
60960
60965
62120
62125
62160
62165
62400
62405
62440
62445
62480
62485
62720
62725
62760
62765
64200
64205
64240
64245
64280
64285
64520
64525
64560
64565
64800
64805
64840
64845
64880
64885
66000
66005
66040
66045
66080
66085
66320
66325
66360
66365
66600
66605
66640
66645
66680
66685
66920
66925
66960
66965
68120
68125
68160
68165
68400
68405
68440
68445
68480
68485
68720
68725
68760
68765
70200
70205
70240
70245
70280
70285
70520
70525
70560
70565
70800
70805
70840
70845
70880
70885
72000
72005
72040
72045
72080
72085
72320
72325
72360
72365
72600
72605
72640
72645
72680
72685
72920
72925
72960
72965
74120
74125
74160
74165
74400
74405
74440
74445
74480
74485
74720
74725
74760
74765
76200
76205
76240
76245
76280
76285
76520
76525
76560
76565
76800
76805
76840
76845
76880
76885
78000
78005
78040
78045
78080
78085
78320
78325
78360
78365
78600
78605
78640
78645
78680
78685
78920
78925
78960
78965
80120
80125
80160
80165
80400
80405
80440
80445
80480
80485
80720
80725
80760
80765
82200
82205
82240
82245
82280
82285
82520
82525
82560
82565
82800
82805
82840
82845
82880
82885
84000
84005
84040
84045
84080
84085
84320
84325
84360
84365
84600
84605
84640
84645
84680
84685
84920
84925
84960
84965
86120
86125
86160
86165
86400
86405
86440
86445
86480
86485
86720
86725
86760
86765
88200
88205
88240
88245
88280
88285
88520
88525
88560
88565
88800
88805
88840
88845
88880
88885
90000
90005
90040
90045
90080
90085
90320
90325
90360
90365
90600
90605
90640
90645
90680
90685
90920
90925
90960
90965
92120
92125
92160
92165
92400
92405
92440
92445
92480
92485
92720
92725
92760
92765
94200
94205
94240
94245
94280
94285
94520
94525
94560
94565
94800
94805
94840
94845
94880
94885
96000
96005
96040
96045
96080
96085
96320
96325
96360
96365
96600
96605
96640
96645
96680
96685
96920
96925
96960
96965
98120
98125
98160
98165
98400
98405
98440
98445
98480
98485
98720
98725
98760
98765
102000
102006
102054
102402
102408
102450
102456
102804
102852
102858
105204
105252
105258
105600
105606
105654
108000
108006
108054
108402
108408
108450
108456
108804
108852
108858
120000
120006
120054
120402
120408
120450
120456
120804
120852
120858
123204
123252
123258
123600
123606
123654
126000
126006
126054
126402
126408
126450
126456
126804
126852
126858
129204
129252
129258
129600
129606
129654
141204
141252
141258
141600
141606
141654
144000
144006
144054
144402
144408
144450
144456
144804
144852
144858
147204
147252
147258
147600
147606
147654
162000
162006
162054
162402
162408
162450
162456
162804
162852
162858
165204
165252
165258
165600
165606
165654
168000
168006
168054
168402
168408
168450
168456
168804
168852
168858
180000
180006
180054
180402
180408
180450
180456
180804
180852
180858
183204
183252
183258
183600
183606
183654
186000
186006
186054
186402
186408
186450
186456
186804
186852
186858
189204
189252
189258
189600
189606
189654
201204
201252
201258
201600
201606
201654
204000
204006
204054
204402
204408
204450
204456
204804
204852
204858
207204
207252
207258
207600
207606
207654
222000
222006
222054
222402
222408
222450
222456
222804
222852
222858
225204
225252
225258
225600
225606
225654
228000
228006
228054
228402
228408
228450
228456
228804
228852
228858
240000
240006
240054
240402
240408
240450
240456
240804
240852
240858
243204
243252
243258
243600
243606
243654
246000
246006
246054
246402
246408
246450
246456
246804
246852
246858
249204
249252
249258
249600
249606
249654
261204
261252
261258
261600
261606
261654
264000
264006
264054
264402
264408
264450
264456
264804
264852
264858
267204
267252
267258
267600
267606
267654
282000
282006
282054
282402
282408
282450
282456
282804
282852
282858
285204
285252
285258
285600
285606
285654
288000
288006
288054
288402
288408
288450
288456
288804
288852
288858
300000
300006
300054
300402
300408
300450
300456
300804
300852
300858
303204
303252
303258
303600
303606
303654
306000
306006
306054
306402
306408
306450
306456
306804
306852
306858
309204
309252
309258
309600
309606
309654
321204
321252
321258
321600
321606
321654
324000
324006
324054
324402
324408
324450
324456
324804
324852
324858
327204
327252
327258
327600
327606
327654
342000
342006
342054
342402
342408
342450
342456
342804
342852
342858
345204
345252
345258
345600
345606
345654
348000
348006
348054
348402
348408
348450
348456
348804
348852
348858
360000
360006
360054
360402
360408
360450
360456
360804
360852
360858
363204
363252
363258
363600
363606
363654
366000
366006
366054
366402
366408
366450
366456
366804
366852
366858
369204
369252
369258
369600
369606
369654
381204
381252
381258
381600
381606
381654
384000
384006
384054
384402
384408
384450
384456
384804
384852
384858
387204
387252
387258
387600
387606
387654
402000
402006
402054
402402
402408
402450
402456
402804
402852
402858
405204
405252
405258
405600
405606
405654
408000
408006
408054
408402
408408
408450
408456
408804
408852
408858
420000
420006
420054
420402
420408
420450
420456
420804
420852
420858
423204
423252
423258
423600
423606
423654
426000
426006
426054
426402
426408
426450
426456
426804
426852
426858
429204
429252
429258
429600
429606
429654
441204
441252
441258
441600
441606
441654
444000
444006
444054
444402
444408
444450
444456
444804
444852
444858
447204
447252
447258
447600
447606
447654
462000
462006
462054
462402
462408
462450
462456
462804
462852
462858
465204
465252
465258
465600
465606
465654
468000
468006
468054
468402
468408
468450
468456
468804
468852
468858
480000
480006
480054
480402
480408
480450
480456
480804
480852
480858
483204
483252
483258
483600
483606
483654
486000
486006
486054
486402
486408
486450
486456
486804
486852
486858
489204
489252
489258
489600
489606
489654
501204
501252
501258
501600
501606
501654
504000
504006
504054
504402
504408
504450
504456
504804
504852
504858
507204
507252
507258
507600
507606
507654
522000
522006
522054
522402
522408
522450
522456
522804
522852
522858
525204
525252
525258
525600
525606
525654
528000
528006
528054
528402
528408
528450
528456
528804
528852
528858
540000
540006
540054
540402
540408
540450
540456
540804
540852
540858
543204
543252
543258
543600
543606
543654
546000
546006
546054
546402
546408
546450
546456
546804
546852
546858
549204
549252
549258
549600
549606
549654
561204
561252
561258
561600
561606
561654
564000
564006
564054
564402
564408
564450
564456
564804
564852
564858
567204
567252
567258
567600
567606
567654
582000
582006
582054
582402
582408
582450
582456
582804
582852
582858
585204
585252
585258
585600
585606
585654
588000
588006
588054
588402
588408
588450
588456
588804
588852
588858
600000
600006
600054
600402
600408
600450
600456
600804
600852
600858
603204
603252
603258
603600
603606
603654
606000
606006
606054
606402
606408
606450
606456
606804
606852
606858
609204
609252
609258
609600
609606
609654
621204
621252
621258
621600
621606
621654
624000
624006
624054
624402
624408
624450
624456
624804
624852
624858
627204
627252
627258
627600
627606
627654
642000
642006
642054
642402
642408
642450
642456
642804
642852
642858
645204
645252
645258
645600
645606
645654
648000
648006
648054
648402
648408
648450
648456
648804
648852
648858
660000
660006
660054
660402
660408
660450
660456
660804
660852
660858
663204
663252
663258
663600
663606
663654
666000
666006
666054
666402
666408
666450
666456
666804
666852
666858
669204
669252
669258
669600
669606
669654
681204
681252
681258
681600
681606
681654
684000
684006
684054
684402
684408
684450
684456
684804
684852
684858
687204
687252
687258
687600
687606
687654
702000
702006
702054
702402
702408
702450
702456
702804
702852
702858
705204
705252
705258
705600
705606
705654
708000
708006
708054
708402
708408
708450
708456
708804
708852
708858
720000
720006
720054
720402
720408
720450
720456
720804
720852
720858
723204
723252
723258
723600
723606
723654
726000
726006
726054
726402
726408
726450
726456
726804
726852
726858
729204
729252
729258
729600
729606
729654
741204
741252
741258
741600
741606
741654
744000
744006
744054
744402
744408
744450
744456
744804
744852
744858
747204
747252
747258
747600
747606
747654
762000
762006
762054
762402
762408
762450
762456
762804
762852
762858
765204
765252
765258
765600
765606
765654
768000
768006
768054
768402
768408
768450
768456
768804
768852
768858
780000
780006
780054
780402
780408
780450
780456
780804
780852
780858
783204
783252
783258
783600
783606
783654
786000
786006
786054
786402
786408
786450
786456
786804
786852
786858
789204
789252
789258
789600
789606
789654
801204
801252
801258
801600
801606
801654
804000
804006
804054
804402
804408
804450
804456
804804
804852
804858
807204
807252
807258
807600
807606
807654
822000
822006
822054
822402
822408
822450
822456
822804
822852
822858
825204
825252
825258
825600
825606
825654
828000
828006
828054
828402
828408
828450
828456
828804
828852
828858
840000
840006
840054
840402
840408
840450
840456
840804
840852
840858
843204
843252
843258
843600
843606
843654
846000
846006
846054
846402
846408
846450
846456
846804
846852
846858
849204
849252
849258
849600
849606
849654
861204
861252
861258
861600
861606
861654
864000
864006
864054
864402
864408
864450
864456
864804
864852
864858
867204
867252
867258
867600
867606
867654
882000
882006
882054
882402
882408
882450
882456
882804
882852
882858
885204
885252
885258
885600
885606
885654
888000
888006
888054
888402
888408
888450
888456
888804
888852
888858
900000
900006
900054
900402
900408
900450
900456
900804
900852
900858
903204
903252
903258
903600
903606
903654
906000
906006
906054
906402
906408
906450
906456
906804
906852
906858
909204
909252
909258
909600
909606
909654
921204
921252
921258
921600
921606
921654
924000
924006
924054
924402
924408
924450
924456
924804
924852
924858
927204
927252
927258
927600
927606
927654
942000
942006
942054
942402
942408
942450
942456
942804
942852
942858
945204
945252
945258
945600
945606
945654
948000
948006
948054
948402
948408
948450
948456
948804
948852
948858
960000
960006
960054
960402
960408
960450
960456
960804
960852
960858
963204
963252
963258
963600
963606
963654
966000
966006
966054
966402
966408
966450
966456
966804
966852
966858
969204
969252
969258
969600
969606
969654
981204
981252
981258
981600
981606
981654
984000
984006
984054
984402
984408
984450
984456
984804
984852
984858
987204
987252
987258
987600
987606
987654
1020005
1020061
1020068
1020544
1024023
1024086
1024506
1024562
1024569
1028041
1028048
1028524
1028580
1028587
1052044
1052520
1052527
1052583
1056006
1056062
1056069
1056545
1080002
1080009
1080065
1080541
1080548
1084020
1084027
1084083
1084503
1084566
1088045
1088521
1088528
1088584
1200003
1200066
1200542
1200549
1204021
1204028
1204084
1204504
1204560
1204567
1208046
1208522
1208529
1208585
1232042
1232049
1232525
1232581
1232588
1236004
1236060
1236067
1236543
1260000
1260007
1260063
1260546
1264025
1264081
1264088
1264501
1264508
1264564
1268043
1268526
1268582
1268589
1292046
1292522
1292529
1292585
1296001
1296008
1296064
1296540
1296547
1412040
1412047
1412523
1412586
1416002
1416009
1416065
1416541
1416548
1440005
1440061
1440068
1440544
1444023
1444086
1444506
1444562
1444569
1448041
1448048
1448524
1448580
1448587
1472044
1472520
1472527
1472583
1476006
1476062
1476069
1476545
1620003
1620066
1620542
1620549
1624021
1624028
1624084
1624504
1624560
1624567
1628046
1628522
1628529
1628585
1652042
1652049
1652525
1652581
1652588
1656004
1656060
1656067
1656543
1680000
1680007
1680063
1680546
1684025
1684081
1684088
1684501
1684508
1684564
1688043
1688526
1688582
1688589
1800001
1800008
1800064
1800540
1800547
1804026
1804082
1804089
1804502
1804509
1804565
1808044
1808520
1808527
1808583
1832040
1832047
1832523
1832586
1836002
1836009
1836065
1836541
1836548
1860005
1860061
1860068
1860544
1864023
1864086
1864506
1864562
1864569
1868041
1868048
1868524
1868580
1868587
1892044
1892520
1892527
1892583
1896006
1896062
1896069
1896545
2012045
2012521
2012528
2012584
2016000
2016007
2016063
2016546
2040003
2040066
2040542
2040549
2044021
2044028
2044084
2044504
2044560
2044567
2048046
2048522
2048529
2048585
2072042
2072049
2072525
2072581
2072588
2076004
2076060
2076067
2076543
2220001
2220008
2220064
2220540
2220547
2224026
2224082
2224089
2224502
2224509
2224565
2228044
2228520
2228527
2228583
2252040
2252047
2252523
2252586
2256002
2256009
2256065
2256541
2256548
2280005
2280061
2280068
2280544
2284023
2284086
2284506
2284562
2284569
2288041
2288048
2288524
2288580
2288587
2400006
2400062
2400069
2400545
2404024
2404080
2404087
2404500
2404507
2404563
2408042
2408049
2408525
2408581
2408588
2432045
2432521
2432528
2432584
2436000
2436007
2436063
2436546
2460003
2460066
2460542
2460549
2464021
2464028
2464084
2464504
2464560
2464567
2468046
2468522
2468529
2468585
2492042
2492049
2492525
2492581
2492588
2496004
2496060
2496067
2496543
2612043
2612526
2612582
2612589
2616005
2616061
2616068
2616544
2640001
2640008
2640064
2640540
2640547
2644026
2644082
2644089
2644502
2644509
2644565
2648044
2648520
2648527
2648583
2672040
2672047
2672523
2672586
2676002
2676009
2676065
2676541
2676548
2820006
2820062
2820069
2820545
2824024
2824080
2824087
2824500
2824507
2824563
2828042
2828049
2828525
2828581
2828588
2852045
2852521
2852528
2852584
2856000
2856007
2856063
2856546
2880003
2880066
2880542
2880549
2884021
2884028
2884084
2884504
2884560
2884567
2888046
2888522
2888529
2888585
3000004
3000060
3000067
3000543
3004022
3004029
3004085
3004505
3004561
3004568
3008040
3008047
3008523
3008586
3032043
3032526
3032582
3032589
3036005
3036061
3036068
3036544
3060001
3060008
3060064
3060540
3060547
3064026
3064082
3064089
3064502
3064509
3064565
3068044
3068520
3068527
3068583
3092040
3092047
3092523
3092586
3096002
3096009
3096065
3096541
3096548
3212041
3212048
3212524
3212580
3212587
3216003
3216066
3216542
3216549
3240006
3240062
3240069
3240545
3244024
3244080
3244087
3244500
3244507
3244563
3248042
3248049
3248525
3248581
3248588
3272045
3272521
3272528
3272584
3276000
3276007
3276063
3276546
3420004
3420060
3420067
3420543
3424022
3424029
3424085
3424505
3424561
3424568
3428040
3428047
3428523
3428586
3452043
3452526
3452582
3452589
3456005
3456061
3456068
3456544
3480001
3480008
3480064
3480540
3480547
3484026
3484082
3484089
3484502
3484509
3484565
3488044
3488520
3488527
3488583
3600002
3600009
3600065
3600541
3600548
3604020
3604027
3604083
3604503
3604566
3608045
3608521
3608528
3608584
3632041
3632048
3632524
3632580
3632587
3636003
3636066
3636542
3636549
3660006
3660062
3660069
3660545
3664024
3664080
3664087
3664500
3664507
3664563
3668042
3668049
3668525
3668581
3668588
3692045
3692521
3692528
3692584
3696000
3696007
3696063
3696546
3812046
3812522
3812529
3812585
3816001
3816008
3816064
3816540
3816547
3840004
3840060
3840067
3840543
3844022
3844029
3844085
3844505
3844561
3844568
3848040
3848047
3848523
3848586
3872043
3872526
3872582
3872589
3876005
3876061
3876068
3876544
4020002
4020009
4020065
4020541
4020548
4024020
4024027
4024083
4024503
4024566
4028045
4028521
4028528
4028584
4052041
4052048
4052524
4052580
4052587
4056003
4056066
4056542
4056549
4080006
4080062
4080069
4080545
4084024
4084080
4084087
4084500
4084507
4084563
4088042
4088049
4088525
4088581
4088588
4200000
4200007
4200063
4200546
4204025
4204081
4204088
4204501
4204508
4204564
4208043
4208526
4208582
4208589
4232046
4232522
4232529
4232585
4236001
4236008
4236064
4236540
4236547
4260004
4260060
4260067
4260543
4264022
4264029
4264085
4264505
4264561
4264568
4268040
4268047
4268523
4268586
4292043
4292526
4292582
4292589
4296005
4296061
4296068
4296544
4412044
4412520
4412527
4412583
4416006
4416062
4416069
4416545
4440002
4440009
4440065
4440541
4440548
4444020
4444027
4444083
4444503
4444566
4448045
4448521
4448528
4448584
4472041
4472048
4472524
4472580
4472587
4476003
4476066
4476542
4476549
4620000
4620007
4620063
4620546
4624025
4624081
4624088
4624501
4624508
4624564
4628043
4628526
4628582
4628589
4652046
4652522
4652529
4652585
4656001
4656008
4656064
4656540
4656547
4680004
4680060
4680067
4680543
4684022
4684029
4684085
4684505
4684561
4684568
4688040
4688047
4688523
4688586
4800005
4800061
4800068
4800544
4804023
4804086
4804506
4804562
4804569
4808041
4808048
4808524
4808580
4808587
4832044
4832520
4832527
4832583
4836006
4836062
4836069
4836545
4860002
4860009
4860065
4860541
4860548
4864020
4864027
4864083
4864503
4864566
4868045
4868521
4868528
4868584
4892041
4892048
4892524
4892580
4892587
4896003
4896066
4896542
4896549
5012042
5012049
5012525
5012581
5012588
5016004
5016060
5016067
5016543
5040000
5040007
5040063
5040546
5044025
5044081
5044088
5044501
5044508
5044564
5048043
5048526
5048582
5048589
5072046
5072522
5072529
5072585
5076001
5076008
5076064
5076540
5076547
5220005
5220061
5220068
5220544
5224023
5224086
5224506
5224562
5224569
5228041
5228048
5228524
5228580
5228587
5252044
5252520
5252527
5252583
5256006
5256062
5256069
5256545
5280002
5280009
5280065
5280541
5280548
5284020
5284027
5284083
5284503
5284566
5288045
5288521
5288528
5288584
5400003
5400066
5400542
5400549
5404021
5404028
5404084
5404504
5404560
5404567
5408046
5408522
5408529
5408585
5432042
5432049
5432525
5432581
5432588
5436004
5436060
5436067
5436543
5460000
5460007
5460063
5460546
5464025
5464081
5464088
5464501
5464508
5464564
5468043
5468526
5468582
5468589
5492046
5492522
5492529
5492585
5496001
5496008
5496064
5496540
5496547
5612040
5612047
5612523
5612586
5616002
5616009
5616065
5616541
5616548
5640005
5640061
5640068
5640544
5644023
5644086
5644506
5644562
5644569
5648041
5648048
5648524
5648580
5648587
5672044
5672520
5672527
5672583
5676006
5676062
5676069
5676545
5820003
5820066
5820542
5820549
5824021
5824028
5824084
5824504
5824560
5824567
5828046
5828522
5828529
5828585
5852042
5852049
5852525
5852581
5852588
5856004
5856060
5856067
5856543
5880000
5880007
5880063
5880546
5884025
5884081
5884088
5884501
5884508
5884564
5888043
5888526
5888582
5888589
6000001
6000008
6000064
6000540
6000547
6004026
6004082
6004089
6004502
6004509
6004565
6008044
6008520
6008527
6008583
6032040
6032047
6032523
6032586
6036002
6036009
6036065
6036541
6036548
6060005
6060061
6060068
6060544
6064023
6064086
6064506
6064562
6064569
6068041
6068048
6068524
6068580
6068587
6092044
6092520
6092527
6092583
6096006
6096062
6096069
6096545
6212045
6212521
6212528
6212584
6216000
6216007
6216063
6216546
6240003
6240066
6240542
6240549
6244021
6244028
6244084
6244504
6244560
6244567
6248046
6248522
6248529
6248585
6272042
6272049
6272525
6272581
6272588
6276004
6276060
6276067
6276543
6420001
6420008
6420064
6420540
6420547
6424026
6424082
6424089
6424502
6424509
6424565
6428044
6428520
6428527
6428583
6452040
6452047
6452523
6452586
6456002
6456009
6456065
6456541
6456548
6480005
6480061
6480068
6480544
6484023
6484086
6484506
6484562
6484569
6488041
6488048
6488524
6488580
6488587
6600006
6600062
6600069
6600545
6604024
6604080
6604087
6604500
6604507
6604563
6608042
6608049
6608525
6608581
6608588
6632045
6632521
6632528
6632584
6636000
6636007
6636063
6636546
6660003
6660066
6660542
6660549
6664021
6664028
6664084
6664504
6664560
6664567
6668046
6668522
6668529
6668585
6692042
6692049
6692525
6692581
6692588
6696004
6696060
6696067
6696543
6812043
6812526
6812582
6812589
6816005
6816061
6816068
6816544
6840001
6840008
6840064
6840540
6840547
6844026
6844082
6844089
6844502
6844509
6844565
6848044
6848520
6848527
6848583
6872040
6872047
6872523
6872586
6876002
6876009
6876065
6876541
6876548
7020006
7020062
7020069
7020545
7024024
7024080
7024087
7024500
7024507
7024563
7028042
7028049
7028525
7028581
7028588
7052045
7052521
7052528
7052584
7056000
7056007
7056063
7056546
7080003
7080066
7080542
7080549
7084021
7084028
7084084
7084504
7084560
7084567
7088046
7088522
7088529
7088585
7200004
7200060
7200067
7200543
7204022
7204029
7204085
7204505
7204561
7204568
7208040
7208047
7208523
7208586
7232043
7232526
7232582
7232589
7236005
7236061
7236068
7236544
7260001
7260008
7260064
7260540
7260547
7264026
7264082
7264089
7264502
7264509
7264565
7268044
7268520
7268527
7268583
7292040
7292047
7292523
7292586
7296002
7296009
7296065
7296541
7296548
7412041
7412048
7412524
7412580
7412587
7416003
7416066
7416542
7416549
7440006
7440062
7440069
7440545
7444024
7444080
7444087
7444500
7444507
7444563
7448042
7448049
7448525
7448581
7448588
7472045
7472521
7472528
7472584
7476000
7476007
7476063
7476546
7620004
7620060
7620067
7620543
7624022
7624029
7624085
7624505
7624561
7624568
7628040
7628047
7628523
7628586
7652043
7652526
7652582
7652589
7656005
7656061
7656068
7656544
7680001
7680008
7680064
7680540
7680547
7684026
7684082
7684089
7684502
7684509
7684565
7688044
7688520
7688527
7688583
7800002
7800009
7800065
7800541
7800548
7804020
7804027
7804083
7804503
7804566
7808045
7808521
7808528
7808584
7832041
7832048
7832524
7832580
7832587
7836003
7836066
7836542
7836549
7860006
7860062
7860069
7860545
7864024
7864080
7864087
7864500
7864507
7864563
7868042
7868049
7868525
7868581
7868588
7892045
7892521
7892528
7892584
7896000
7896007
7896063
7896546
8012046
8012522
8012529
8012585
8016001
8016008
8016064
8016540
8016547
8040004
8040060
8040067
8040543
8044022
8044029
8044085
8044505
8044561
8044568
8048040
8048047
8048523
8048586
8072043
8072526
8072582
8072589
8076005
8076061
8076068
8076544
8220002
8220009
8220065
8220541
8220548
8224020
8224027
8224083
8224503
8224566
8228045
8228521
8228528
8228584
8252041
8252048
8252524
8252580
8252587
8256003
8256066
8256542
8256549
8280006
8280062
8280069
8280545
8284024
8284080
8284087
8284500
8284507
8284563
8288042
8288049
8288525
8288581
8288588
8400000
8400007
8400063
8400546
8404025
8404081
8404088
8404501
8404508
8404564
8408043
8408526
8408582
8408589
8432046
8432522
8432529
8432585
8436001
8436008
8436064
8436540
8436547
8460004
8460060
8460067
8460543
8464022
8464029
8464085
8464505
8464561
8464568
8468040
8468047
8468523
8468586
8492043
8492526
8492582
8492589
8496005
8496061
8496068
8496544
8612044
8612520
8612527
8612583
8616006
8616062
8616069
8616545
8640002
8640009
8640065
8640541
8640548
8644020
8644027
8644083
8644503
8644566
8648045
8648521
8648528
8648584
8672041
8672048
8672524
8672580
8672587
8676003
8676066
8676542
8676549
8820000
8820007
8820063
8820546
8824025
8824081
8824088
8824501
8824508
8824564
8828043
8828526
8828582
8828589
8852046
8852522
8852529
8852585
8856001
8856008
8856064
8856540
8856547
8880004
8880060
8880067
8880543
8884022
8884029
8884085
8884505
8884561
8884568
8888040
8888047
8888523
8888586
9000005
9000061
9000068
9000544
9004023
9004086
9004506
9004562
9004569
9008041
9008048
9008524
9008580
9008587
9032044
9032520
9032527
9032583
9036006
9036062
9036069
9036545
9060002
9060009
9060065
9060541
9060548
9064020
9064027
9064083
9064503
9064566
9068045
9068521
9068528
9068584
9092041
9092048
9092524
9092580
9092587
9096003
9096066
9096542
9096549
9212042
9212049
9212525
9212581
9212588
9216004
9216060
9216067
9216543
9240000
9240007
9240063
9240546
9244025
9244081
9244088
9244501
9244508
9244564
9248043
9248526
9248582
9248589
9272046
9272522
9272529
9272585
9276001
9276008
9276064
9276540
9276547
9420005
9420061
9420068
9420544
9424023
9424086
9424506
9424562
9424569
9428041
9428048
9428524
9428580
9428587
9452044
9452520
9452527
9452583
9456006
9456062
9456069
9456545
9480002
9480009
9480065
9480541
9480548
9484020
9484027
9484083
9484503
9484566
9488045
9488521
9488528
9488584
9600003
9600066
9600542
9600549
9604021
9604028
9604084
9604504
9604560
9604567
9608046
9608522
9608529
9608585
9632042
9632049
9632525
9632581
9632588
9636004
9636060
9636067
9636543
9660000
9660007
9660063
9660546
9664025
9664081
9664088
9664501
9664508
9664564
9668043
9668526
9668582
9668589
9692046
9692522
9692529
9692585
9696001
9696008
9696064
9696540
9696547
9812040
9812047
9812523
9812586
9816002
9816009
9816065
9816541
9816548
9840005
9840061
9840068
9840544
9844023
9844086
9844506
9844562
9844569
9848041
9848048
9848524
9848580
9848587
9872044
9872520
9872527
9872583
9876006
9876062
9876069
9876545
10200056
10200616
10200680
10200688
10205440
10205448
10240232
10240864
10245064
10245624
10245696
10280416
10280480
10280488
10285240
10285248
10285800
10285808
10285872
10520440
10520448
10525200
10525208
10525272
10525832
10560064
10560624
10560696
10565456
10800024
10800096
10800656
10805416
10805480
10805488
10840200
10840208
10840272
10840832
10845032
10845664
10880456
10885216
10885280
10885288
10885840
10885848
12000032
12000664
12005424
12005496
12040216
12040280
12040288
12040840
12040848
12045040
12045048
12045600
12045608
12045672
12080464
12085224
12085296
12085856
12320424
12320496
12325256
12325816
12325880
12325888
12360040
12360048
12360600
12360608
12360672
12365432
12600000
12600008
12600072
12600632
12605464
12640256
12640816
12640880
12640888
12645016
12645080
12645088
12645640
12645648
12680432
12685264
12685824
12685896
12920464
12925224
12925296
12925856
12960016
12960080
12960088
12960640
12960648
12965400
12965408
12965472
14120400
14120408
14120472
14125232
14125864
14160024
14160096
14160656
14165416
14165480
14165488
14400056
14400616
14400680
14400688
14405440
14405448
14440232
14440864
14445064
14445624
14445696
14480416
14480480
14480488
14485240
14485248
14485800
14485808
14485872
14720440
14720448
14725200
14725208
14725272
14725832
14760064
14760624
14760696
14765456
16200032
16200664
16205424
16205496
16240216
16240280
16240288
16240840
16240848
16245040
16245048
16245600
16245608
16245672
16280464
16285224
16285296
16285856
16520424
16520496
16525256
16525816
16525880
16525888
16560040
16560048
16560600
16560608
16560672
16565432
16800000
16800008
16800072
16800632
16805464
16840256
16840816
16840880
16840888
16845016
16845080
16845088
16845640
16845648
16880432
16885264
16885824
16885896
18000016
18000080
18000088
18000640
18000648
18005400
18005408
18005472
18040264
18040824
18040896
18045024
18045096
18045656
18080440
18080448
18085200
18085208
18085272
18085832
18320400
18320408
18320472
18325232
18325864
18360024
18360096
18360656
18365416
18365480
18365488
18600056
18600616
18600680
18600688
18605440
18605448
18640232
18640864
18645064
18645624
18645696
18680416
18680480
18680488
18685240
18685248
18685800
18685808
18685872
18920440
18920448
18925200
18925208
18925272
18925832
18960064
18960624
18960696
18965456
20120456
20125216
20125280
20125288
20125840
20125848
20160000
20160008
20160072
20160632
20165464
20400032
20400664
20405424
20405496
20440216
20440280
20440288
20440840
20440848
20445040
20445048
20445600
20445608
20445672
20480464
20485224
20485296
20485856
20720424
20720496
20725256
20725816
20725880
20725888
20760040
20760048
20760600
20760608
20760672
20765432
22200016
22200080
22200088
22200640
22200648
22205400
22205408
22205472
22240264
22240824
22240896
22245024
22245096
22245656
22280440
22280448
22285200
22285208
22285272
22285832
22520400
22520408
22520472
22525232
22525864
22560024
22560096
22560656
22565416
22565480
22565488
22800056
22800616
22800680
22800688
22805440
22805448
22840232
22840864
22845064
22845624
22845696
22880416
22880480
22880488
22885240
22885248
22885800
22885808
22885872
24000064
24000624
24000696
24005456
24040240
24040248
24040800
24040808
24040872
24045000
24045008
24045072
24045632
24080424
24080496
24085256
24085816
24085880
24085888
24320456
24325216
24325280
24325288
24325840
24325848
24360000
24360008
24360072
24360632
24365464
24600032
24600664
24605424
24605496
24640216
24640280
24640288
24640840
24640848
24645040
24645048
24645600
24645608
24645672
24680464
24685224
24685296
24685856
24920424
24920496
24925256
24925816
24925880
24925888
24960040
24960048
24960600
24960608
24960672
24965432
26120432
26125264
26125824
26125896
26160056
26160616
26160680
26160688
26165440
26165448
26400016
26400080
26400088
26400640
26400648
26405400
26405408
26405472
26440264
26440824
26440896
26445024
26445096
26445656
26480440
26480448
26485200
26485208
26485272
26485832
26720400
26720408
26720472
26725232
26725864
26760024
26760096
26760656
26765416
26765480
26765488
28200064
28200624
28200696
28205456
28240240
28240248
28240800
28240808
28240872
28245000
28245008
28245072
28245632
28280424
28280496
28285256
28285816
28285880
28285888
28520456
28525216
28525280
28525288
28525840
28525848
28560000
28560008
28560072
28560632
28565464
28800032
28800664
28805424
28805496
28840216
28840280
28840288
28840840
28840848
28845040
28845048
28845600
28845608
28845672
28880464
28885224
28885296
28885856
30000040
30000048
30000600
30000608
30000672
30005432
30040224
30040296
30040856
30045056
30045616
30045680
30045688
30080400
30080408
30080472
30085232
30085864
30320432
30325264
30325824
30325896
30360056
30360616
30360680
30360688
30365440
30365448
30600016
30600080
30600088
30600640
30600648
30605400
30605408
30605472
30640264
30640824
30640896
30645024
30645096
30645656
30680440
30680448
30685200
30685208
30685272
30685832
30920400
30920408
30920472
30925232
30925864
30960024
30960096
30960656
30965416
30965480
30965488
32120416
32120480
32120488
32125240
32125248
32125800
32125808
32125872
32160032
32160664
32165424
32165496
32400064
32400624
32400696
32405456
32440240
32440248
32440800
32440808
32440872
32445000
32445008
32445072
32445632
32480424
32480496
32485256
32485816
32485880
32485888
32720456
32725216
32725280
32725288
32725840
32725848
32760000
32760008
32760072
32760632
32765464
34200040
34200048
34200600
34200608
34200672
34205432
34240224
34240296
34240856
34245056
34245616
34245680
34245688
34280400
34280408
34280472
34285232
34285864
34520432
34525264
34525824
34525896
34560056
34560616
34560680
34560688
34565440
34565448
34800016
34800080
34800088
34800640
34800648
34805400
34805408
34805472
34840264
34840824
34840896
34845024
34845096
34845656
34880440
34880448
34885200
34885208
34885272
34885832
36000024
36000096
36000656
36005416
36005480
36005488
36040200
36040208
36040272
36040832
36045032
36045664
36080456
36085216
36085280
36085288
36085840
36085848
36320416
36320480
36320488
36325240
36325248
36325800
36325808
36325872
36360032
36360664
36365424
36365496
36600064
36600624
36600696
36605456
36640240
36640248
36640800
36640808
36640872
36645000
36645008
36645072
36645632
36680424
36680496
36685256
36685816
36685880
36685888
36920456
36925216
36925280
36925288
36925840
36925848
36960000
36960008
36960072
36960632
36965464
38120464
38125224
38125296
38125856
38160016
38160080
38160088
38160640
38160648
38165400
38165408
38165472
38400040
38400048
38400600
38400608
38400672
38405432
38440224
38440296
38440856
38445056
38445616
38445680
38445688
38480400
38480408
38480472
38485232
38485864
38720432
38725264
38725824
38725896
38760056
38760616
38760680
38760688
38765440
38765448
40200024
40200096
40200656
40205416
40205480
40205488
40240200
40240208
40240272
40240832
40245032
40245664
40280456
40285216
40285280
40285288
40285840
40285848
40520416
40520480
40520488
40525240
40525248
40525800
40525808
40525872
40560032
40560664
40565424
40565496
40800064
40800624
40800696
40805456
40840240
40840248
40840800
40840808
40840872
40845000
40845008
40845072
40845632
40880424
40880496
40885256
40885816
40885880
40885888
42000000
42000008
42000072
42000632
42005464
42040256
42040816
42040880
42040888
42045016
42045080
42045088
42045640
42045648
42080432
42085264
42085824
42085896
42320464
42325224
42325296
42325856
42360016
42360080
42360088
42360640
42360648
42365400
42365408
42365472
42600040
42600048
42600600
42600608
42600672
42605432
42640224
42640296
42640856
42645056
42645616
42645680
42645688
42680400
42680408
42680472
42685232
42685864
42920432
42925264
42925824
42925896
42960056
42960616
42960680
42960688
42965440
42965448
44120440
44120448
44125200
44125208
44125272
44125832
44160064
44160624
44160696
44165456
44400024
44400096
44400656
44405416
44405480
44405488
44440200
44440208
44440272
44440832
44445032
44445664
44480456
44485216
44485280
44485288
44485840
44485848
44720416
44720480
44720488
44725240
44725248
44725800
44725808
44725872
44760032
44760664
44765424
44765496
46200000
46200008
46200072
46200632
46205464
46240256
46240816
46240880
46240888
46245016
46245080
46245088
46245640
46245648
46280432
46285264
46285824
46285896
46520464
46525224
46525296
46525856
46560016
46560080
46560088
46560640
46560648
46565400
46565408
46565472
46800040
46800048
46800600
46800608
46800672
46805432
46840224
46840296
46840856
46845056
46845616
46845680
46845688
46880400
46880408
46880472
46885232
46885864
48000056
48000616
48000680
48000688
48005440
48005448
48040232
48040864
48045064
48045624
48045696
48080416
48080480
48080488
48085240
48085248
48085800
48085808
48085872
48320440
48320448
48325200
48325208
48325272
48325832
48360064
48360624
48360696
48365456
48600024
48600096
48600656
48605416
48605480
48605488
48640200
48640208
48640272
48640832
48645032
48645664
48680456
48685216
48685280
48685288
48685840
48685848
48920416
48920480
48920488
48925240
48925248
48925800
48925808
48925872
48960032
48960664
48965424
48965496
50120424
50120496
50125256
50125816
50125880
50125888
50160040
50160048
50160600
50160608
50160672
50165432
50400000
50400008
50400072
50400632
50405464
50440256
50440816
50440880
50440888
50445016
50445080
50445088
50445640
50445648
50480432
50485264
50485824
50485896
50720464
50725224
50725296
50725856
50760016
50760080
50760088
50760640
50760648
50765400
50765408
50765472
52200056
52200616
52200680
52200688
52205440
52205448
52240232
52240864
52245064
52245624
52245696
52280416
52280480
52280488
52285240
52285248
52285800
52285808
52285872
52520440
52520448
52525200
52525208
52525272
52525832
52560064
52560624
52560696
52565456
52800024
52800096
52800656
52805416
52805480
52805488
52840200
52840208
52840272
52840832
52845032
52845664
52880456
52885216
52885280
52885288
52885840
52885848
54000032
54000664
54005424
54005496
54040216
54040280
54040288
54040840
54040848
54045040
54045048
54045600
54045608
54045672
54080464
54085224
54085296
54085856
54320424
54320496
54325256
54325816
54325880
54325888
54360040
54360048
54360600
54360608
54360672
54365432
54600000
54600008
54600072
54600632
54605464
54640256
54640816
54640880
54640888
54645016
54645080
54645088
54645640
54645648
54680432
54685264
54685824
54685896
54920464
54925224
54925296
54925856
54960016
54960080
54960088
54960640
54960648
54965400
54965408
54965472
56120400
56120408
56120472
56125232
56125864
56160024
56160096
56160656
56165416
56165480
56165488
56400056
56400616
56400680
56400688
56405440
56405448
56440232
56440864
56445064
56445624
56445696
56480416
56480480
56480488
56485240
56485248
56485800
56485808
56485872
56720440
56720448
56725200
56725208
56725272
56725832
56760064
56760624
56760696
56765456
58200032
58200664
58205424
58205496
58240216
58240280
58240288
58240840
58240848
58245040
58245048
58245600
58245608
58245672
58280464
58285224
58285296
58285856
58520424
58520496
58525256
58525816
58525880
58525888
58560040
58560048
58560600
58560608
58560672
58565432
58800000
58800008
58800072
58800632
58805464
58840256
58840816
58840880
58840888
58845016
58845080
58845088
58845640
58845648
58880432
58885264
58885824
58885896
60000016
60000080
60000088
60000640
60000648
60005400
60005408
60005472
60040264
60040824
60040896
60045024
60045096
60045656
60080440
60080448
60085200
60085208
60085272
60085832
60320400
60320408
60320472
60325232
60325864
60360024
60360096
60360656
60365416
60365480
60365488
60600056
60600616
60600680
60600688
60605440
60605448
60640232
60640864
60645064
60645624
60645696
60680416
60680480
60680488
60685240
60685248
60685800
60685808
60685872
60920440
60920448
60925200
60925208
60925272
60925832
60960064
60960624
60960696
60965456
62120456
62125216
62125280
62125288
62125840
62125848
62160000
62160008
62160072
62160632
62165464
62400032
62400664
62405424
62405496
62440216
62440280
62440288
62440840
62440848
62445040
62445048
62445600
62445608
62445672
62480464
62485224
62485296
62485856
62720424
62720496
62725256
62725816
62725880
62725888
62760040
62760048
62760600
62760608
62760672
62765432
64200016
64200080
64200088
64200640
64200648
64205400
64205408
64205472
64240264
64240824
64240896
64245024
64245096
64245656
64280440
64280448
64285200
64285208
64285272
64285832
64520400
64520408
64520472
64525232
64525864
64560024
64560096
64560656
64565416
64565480
64565488
64800056
64800616
64800680
64800688
64805440
64805448
64840232
64840864
64845064
64845624
64845696
64880416
64880480
64880488
64885240
64885248
64885800
64885808
64885872
66000064
66000624
66000696
66005456
66040240
66040248
66040800
66040808
66040872
66045000
66045008
66045072
66045632
66080424
66080496
66085256
66085816
66085880
66085888
66320456
66325216
66325280
66325288
66325840
66325848
66360000
66360008
66360072
66360632
66365464
66600032
66600664
66605424
66605496
66640216
66640280
66640288
66640840
66640848
66645040
66645048
66645600
66645608
66645672
66680464
66685224
66685296
66685856
66920424
66920496
66925256
66925816
66925880
66925888
66960040
66960048
66960600
66960608
66960672
66965432
68120432
68125264
68125824
68125896
68160056
68160616
68160680
68160688
68165440
68165448
68400016
68400080
68400088
68400640
68400648
68405400
68405408
68405472
68440264
68440824
68440896
68445024
68445096
68445656
68480440
68480448
68485200
68485208
68485272
68485832
68720400
68720408
68720472
68725232
68725864
68760024
68760096
68760656
68765416
68765480
68765488
70200064
70200624
70200696
70205456
70240240
70240248
70240800
70240808
70240872
70245000
70245008
70245072
70245632
70280424
70280496
70285256
70285816
70285880
70285888
70520456
70525216
70525280
70525288
70525840
70525848
70560000
70560008
70560072
70560632
70565464
70800032
70800664
70805424
70805496
70840216
70840280
70840288
70840840
70840848
70845040
70845048
70845600
70845608
70845672
70880464
70885224
70885296
70885856
72000040
72000048
72000600
72000608
72000672
72005432
72040224
72040296
72040856
72045056
72045616
72045680
72045688
72080400
72080408
72080472
72085232
72085864
72320432
72325264
72325824
72325896
72360056
72360616
72360680
72360688
72365440
72365448
72600016
72600080
72600088
72600640
72600648
72605400
72605408
72605472
72640264
72640824
72640896
72645024
72645096
72645656
72680440
72680448
72685200
72685208
72685272
72685832
72920400
72920408
72920472
72925232
72925864
72960024
72960096
72960656
72965416
72965480
72965488
74120416
74120480
74120488
74125240
74125248
74125800
74125808
74125872
74160032
74160664
74165424
74165496
74400064
74400624
74400696
74405456
74440240
74440248
74440800
74440808
74440872
74445000
74445008
74445072
74445632
74480424
74480496
74485256
74485816
74485880
74485888
74720456
74725216
74725280
74725288
74725840
74725848
74760000
74760008
74760072
74760632
74765464
76200040
76200048
76200600
76200608
76200672
76205432
76240224
76240296
76240856
76245056
76245616
76245680
76245688
76280400
76280408
76280472
76285232
76285864
76520432
76525264
76525824
76525896
76560056
76560616
76560680
76560688
76565440
76565448
76800016
76800080
76800088
76800640
76800648
76805400
76805408
76805472
76840264
76840824
76840896
76845024
76845096
76845656
76880440
76880448
76885200
76885208
76885272
76885832
78000024
78000096
78000656
78005416
78005480
78005488
78040200
78040208
78040272
78040832
78045032
78045664
78080456
78085216
78085280
78085288
78085840
78085848
78320416
78320480
78320488
78325240
78325248
78325800
78325808
78325872
78360032
78360664
78365424
78365496
78600064
78600624
78600696
78605456
78640240
78640248
78640800
78640808
78640872
78645000
78645008
78645072
78645632
78680424
78680496
78685256
78685816
78685880
78685888
78920456
78925216
78925280
78925288
78925840
78925848
78960000
78960008
78960072
78960632
78965464
80120464
80125224
80125296
80125856
80160016
80160080
80160088
80160640
80160648
80165400
80165408
80165472
80400040
80400048
80400600
80400608
80400672
80405432
80440224
80440296
80440856
80445056
80445616
80445680
80445688
80480400
80480408
80480472
80485232
80485864
80720432
80725264
80725824
80725896
80760056
80760616
80760680
80760688
80765440
80765448
82200024
82200096
82200656
82205416
82205480
82205488
82240200
82240208
82240272
82240832
82245032
82245664
82280456
82285216
82285280
82285288
82285840
82285848
82520416
82520480
82520488
82525240
82525248
82525800
82525808
82525872
82560032
82560664
82565424
82565496
82800064
82800624
82800696
82805456
82840240
82840248
82840800
82840808
82840872
82845000
82845008
82845072
82845632
82880424
82880496
82885256
82885816
82885880
82885888
84000000
84000008
84000072
84000632
84005464
84040256
84040816
84040880
84040888
84045016
84045080
84045088
84045640
84045648
84080432
84085264
84085824
84085896
84320464
84325224
84325296
84325856
84360016
84360080
84360088
84360640
84360648
84365400
84365408
84365472
84600040
84600048
84600600
84600608
84600672
84605432
84640224
84640296
84640856
84645056
84645616
84645680
84645688
84680400
84680408
84680472
84685232
84685864
84920432
84925264
84925824
84925896
84960056
84960616
84960680
84960688
84965440
84965448
86120440
86120448
86125200
86125208
86125272
86125832
86160064
86160624
86160696
86165456
86400024
86400096
86400656
86405416
86405480
86405488
86440200
86440208
86440272
86440832
86445032
86445664
86480456
86485216
86485280
86485288
86485840
86485848
86720416
86720480
86720488
86725240
86725248
86725800
86725808
86725872
86760032
86760664
86765424
86765496
88200000
88200008
88200072
88200632
88205464
88240256
88240816
88240880
88240888
88245016
88245080
88245088
88245640
88245648
88280432
88285264
88285824
88285896
88520464
88525224
88525296
88525856
88560016
88560080
88560088
88560640
88560648
88565400
88565408
88565472
88800040
88800048
88800600
88800608
88800672
88805432
88840224
88840296
88840856
88845056
88845616
88845680
88845688
88880400
88880408
88880472
88885232
88885864
90000056
90000616
90000680
90000688
90005440
90005448
90040232
90040864
90045064
90045624
90045696
90080416
90080480
90080488
90085240
90085248
90085800
90085808
90085872
90320440
90320448
90325200
90325208
90325272
90325832
90360064
90360624
90360696
90365456
90600024
90600096
90600656
90605416
90605480
90605488
90640200
90640208
90640272
90640832
90645032
90645664
90680456
90685216
90685280
90685288
90685840
90685848
90920416
90920480
90920488
90925240
90925248
90925800
90925808
90925872
90960032
90960664
90965424
90965496
92120424
92120496
92125256
92125816
92125880
92125888
92160040
92160048
92160600
92160608
92160672
92165432
92400000
92400008
92400072
92400632
92405464
92440256
92440816
92440880
92440888
92445016
92445080
92445088
92445640
92445648
92480432
92485264
92485824
92485896
92720464
92725224
92725296
92725856
92760016
92760080
92760088
92760640
92760648
92765400
92765408
92765472
94200056
94200616
94200680
94200688
94205440
94205448
94240232
94240864
94245064
94245624
94245696
94280416
94280480
94280488
94285240
94285248
94285800
94285808
94285872
94520440
94520448
94525200
94525208
94525272
94525832
94560064
94560624
94560696
94565456
94800024
94800096
94800656
94805416
94805480
94805488
94840200
94840208
94840272
94840832
94845032
94845664
94880456
94885216
94885280
94885288
94885840
94885848
96000032
96000664
96005424
96005496
96040216
96040280
96040288
96040840
96040848
96045040
96045048
96045600
96045608
96045672
96080464
96085224
96085296
96085856
96320424
96320496
96325256
96325816
96325880
96325888
96360040
96360048
96360600
96360608
96360672
96365432
96600000
96600008
96600072
96600632
96605464
96640256
96640816
96640880
96640888
96645016
96645080
96645088
96645640
96645648
96680432
96685264
96685824
96685896
96920464
96925224
96925296
96925856
96960016
96960080
96960088
96960640
96960648
96965400
96965408
96965472
98120400
98120408
98120472
98125232
98125864
98160024
98160096
98160656
98165416
98165480
98165488
98400056
98400616
98400680
98400688
98405440
98405448
98440232
98440864
98445064
98445624
98445696
98480416
98480480
98480488
98485240
98485248
98485800
98485808
98485872
98720440
98720448
98725200
98725208
98725272
98725832
98760064
98760624
98760696
98765456
102000564
102006162
102006801
102006882
102054402
102054483
102402324
102408642
102450645
102456243
102456963
102804165
102804804
102804885
102852405
102852486
102858003
102858084
102858723
105204402
105204483
105252003
105252084
105252723
105258321
105600645
105606243
105606963
105654564
108000243
108000963
108006561
108054162
108054801
108054882
108402003
108402084
108402723
108408321
108450324
108456642
108804564
108852165
108852804
108852885
108858402
108858483
120000321
120006648
120054240
120054249
120054960
120054969
120402162
120402801
120402882
120408408
120408480
120408489
120450402
120450483
120456000
120456009
120456081
120456720
120456729
120804642
120852243
120852963
120858561
123204240
123204249
123204960
123204969
123252561
123258168
123258807
123258888
123600402
123600483
123606000
123606009
123606081
123606720
123606729
123654321
126000000
126000009
126000081
126000720
126000729
126006327
126054648
126402561
126408168
126408807
126408888
126450162
126450801
126450882
126456408
126456480
126456489
126804321
126852642
126858240
126858249
126858960
126858969
129204648
129252240
129252249
129252960
129252969
129258567
129600162
129600801
129600882
129606408
129606480
129606489
129654000
129654009
129654081
129654720
129654729
141204006
141204087
141204726
141252327
141258645
141600240
141600249
141600960
141600969
141606567
141654168
141654807
141654888
144000567
144006165
144006804
144006885
144054405
144054486
144402327
144408645
144450648
144456246
144456966
144804168
144804807
144804888
144852408
144852480
144852489
144858006
144858087
144858726
147204405
147204486
147252006
147252087
147252726
147258324
147600648
147606246
147606966
147654567
162000324
162006642
162054243
162054963
162402165
162402804
162402885
162408402
162408483
162450405
162450486
162456003
162456084
162456723
162804645
162852246
162852966
162858564
165204243
165204963
165252564
165258162
165258801
165258882
165600405
165600486
165606003
165606084
165606723
165654324
168000003
168000084
168000723
168006321
168054642
168402564
168408162
168408801
168408882
168450165
168450804
168450885
168456402
168456483
168804324
168852645
168858243
168858963
180000162
180000801
180000882
180006408
180006480
180006489
180054000
180054009
180054081
180054720
180054729
180402642
180408240
180408249
180408960
180408969
180450243
180450963
180456561
180804402
180804483
180852003
180852084
180852723
180858321
183204000
183204009
183204081
183204720
183204729
183252321
183258648
183600243
183600963
183606561
183654162
183654801
183654882
186000561
186006168
186006807
186006888
186054408
186054480
186054489
186402321
186408648
186450642
186456240
186456249
186456960
186456969
186804162
186804801
186804882
186852402
186852483
186858000
186858009
186858081
186858720
186858729
189204408
189204480
189204489
189252000
189252009
189252081
189252720
189252729
189258327
189600642
189606240
189606249
189606960
189606969
189654561
201204567
201252168
201252807
201252888
201258405
201258486
201600000
201600009
201600081
201600720
201600729
201606327
201654648
204000327
204006645
204054246
204054966
204402168
204402807
204402888
204408405
204408486
204450408
204450480
204450489
204456006
204456087
204456726
204804648
204852240
204852249
204852960
204852969
204858567
207204246
207204966
207252567
207258165
207258804
207258885
207600408
207600480
207600489
207606006
207606087
207606726
207654327
222000165
222000804
222000885
222006402
222006483
222054003
222054084
222054723
222402645
222408243
222408963
222450246
222450966
222456564
222804405
222804486
222852006
222852087
222852726
222858324
225204003
225204084
225204723
225252324
225258642
225600246
225600966
225606564
225654165
225654804
225654885
228000564
228006162
228006801
228006882
228054402
228054483
228402324
228408642
228450645
228456243
228456963
228804165
228804804
228804885
228852405
228852486
228858003
228858084
228858723
240000642
240006240
240006249
240006960
240006969
240054561
240402402
240402483
240408000
240408009
240408081
240408720
240408729
240450003
240450084
240450723
240456321
240804243
240804963
240852564
240858162
240858801
240858882
243204561
243252162
243252801
243252882
243258408
243258480
243258489
243600003
243600084
243600723
243606321
243654642
246000321
246006648
246054240
246054249
246054960
246054969
246402162
246402801
246402882
246408408
246408480
246408489
246450402
246450483
246456000
246456009
246456081
246456720
246456729
246804642
246852243
246852963
246858561
249204240
249204249
249204960
249204969
249252561
249258168
249258807
249258888
249600402
249600483
249606000
249606009
249606081
249606720
249606729
249654321
261204327
261252648
261258246
261258966
261600561
261606168
261606807
261606888
261654408
261654480
261654489
264000168
264000807
264000888
264006405
264006486
264054006
264054087
264054726
264402648
264408246
264408966
264450240
264450249
264450960
264450969
264456567
264804408
264804480
264804489
264852000
264852009
264852081
264852720
264852729
264858327
267204006
267204087
267204726
267252327
267258645
267600240
267600249
267600960
267600969
267606567
267654168
267654807
267654888
282000645
282006243
282006963
282054564
282402405
282402486
282408003
282408084
282408723
282450006
282450087
282450726
282456324
282804246
282804966
282852567
282858165
282858804
282858885
285204564
285252165
285252804
285252885
285258402
285258483
285600006
285600087
285600726
285606324
285654645
288000324
288006642
288054243
288054963
288402165
288402804
288402885
288408402
288408483
288450405
288450486
288456003
288456084
288456723
288804645
288852246
288852966
288858564
300000402
300000483
300006000
300006009
300006081
300006720
300006729
300054321
300402243
300402963
300408561
300450564
300456162
300456801
300456882
300804003
300804084
300804723
300852324
300858642
303204321
303252642
303258240
303258249
303258960
303258969
303600564
303606162
303606801
303606882
303654402
303654483
306000162
306000801
306000882
306006408
306006480
306006489
306054000
306054009
306054081
306054720
306054729
306402642
306408240
306408249
306408960
306408969
306450243
306450963
306456561
306804402
306804483
306852003
306852084
306852723
306858321
309204000
309204009
309204081
309204720
309204729
309252321
309258648
309600243
309600963
309606561
309654162
309654801
309654882
321204168
321204807
321204888
321252408
321252480
321252489
321258006
321258087
321258726
321600321
321606648
321654240
321654249
321654960
321654969
324000648
324006246
324006966
324054567
324402408
324402480
324402489
324408006
324408087
324408726
324450000
324450009
324450081
324450720
324450729
324456327
324804240
324804249
324804960
324804969
324852561
324858168
324858807
324858888
327204567
327252168
327252807
327252888
327258405
327258486
327600000
327600009
327600081
327600720
327600729
327606327
327654648
342000405
342000486
342006003
342006084
342006723
342054324
342402246
342402966
342408564
342450567
342456165
342456804
342456885
342804006
342804087
342804726
342852327
342858645
345204324
345252645
345258243
345258963
345600567
345606165
345606804
345606885
345654405
345654486
348000165
348000804
348000885
348006402
348006483
348054003
348054084
348054723
348402645
348408243
348408963
348450246
348450966
348456564
348804405
348804486
348852006
348852087
348852726
348858324
360000243
360000963
360006561
360054162
360054801
360054882
360402003
360402084
360402723
360408321
360450324
360456642
360804564
360852165
360852804
360852885
360858402
360858483
363204162
363204801
363204882
363252402
363252483
363258000
363258009
363258081
363258720
363258729
363600324
363606642
363654243
363654963
366000642
366006240
366006249
366006960
366006969
366054561
366402402
366402483
366408000
366408009
366408081
366408720
366408729
366450003
366450084
366450723
366456321
366804243
366804963
366852564
366858162
366858801
366858882
369204561
369252162
369252801
369252882
369258408
369258480
369258489
369600003
369600084
369600723
369606321
369654642
381204648
381252240
381252249
381252960
381252969
381258567
381600162
381600801
381600882
381606408
381606480
381606489
381654000
381654009
381654081
381654720
381654729
384000408
384000480
384000489
384006006
384006087
384006726
384054327
384402240
384402249
384402960
384402969
384408567
384450561
384456168
384456807
384456888
384804000
384804009
384804081
384804720
384804729
384852321
384858648
387204327
387252648
387258246
387258966
387600561
387606168
387606807
387606888
387654408
387654480
387654489
402000246
402000966
402006564
402054165
402054804
402054885
402402006
402402087
402402726
402408324
402450327
402456645
402804567
402852168
402852807
402852888
402858405
402858486
405204165
405204804
405204885
405252405
405252486
405258003
405258084
405258723
405600327
405606645
405654246
405654966
408000645
408006243
408006963
408054564
408402405
408402486
408408003
408408084
408408723
408450006
408450087
408450726
408456324
408804246
408804966
408852567
408858165
408858804
408858885
420000003
420000084
420000723
420006321
420054642
420402564
420408162
420408801
420408882
420450165
420450804
420450885
420456402
420456483
420804324
420852645
420858243
420858963
423204642
423252243
423252963
423258561
423600165
423600804
423600885
423606402
423606483
423654003
423654084
423654723
426000402
426000483
426006000
426006009
426006081
426006720
426006729
426054321
426402243
426402963
426408561
426450564
426456162
426456801
426456882
426804003
426804084
426804723
426852324
426858642
429204321
429252642
429258240
429258249
429258960
429258969
429600564
429606162
429606801
429606882
429654402
429654483
441204408
441204480
441204489
441252000
441252009
441252081
441252720
441252729
441258327
441600642
441606240
441606249
441606960
441606969
441654561
444000240
444000249
444000960
444000969
444006567
444054168
444054807
444054888
444402000
444402009
444402081
444402720
444402729
444408327
444450321
444456648
444804561
444852162
444852801
444852882
444858408
444858480
444858489
447204168
447204807
447204888
447252408
447252480
447252489
447258006
447258087
447258726
447600321
447606648
447654240
447654249
447654960
447654969
462000006
462000087
462000726
462006324
462054645
462402567
462408165
462408804
462408885
462450168
462450807
462450888
462456405
462456486
462804327
462852648
462858246
462858966
465204645
465252246
465252966
465258564
465600168
465600807
465600888
465606405
465606486
465654006
465654087
465654726
468000405
468000486
468006003
468006084
468006723
468054324
468402246
468402966
468408564
468450567
468456165
468456804
468456885
468804006
468804087
468804726
468852327
468858645
480000564
480006162
480006801
480006882
480054402
480054483
480402324
480408642
480450645
480456243
480456963
480804165
480804804
480804885
480852405
480852486
480858003
480858084
480858723
483204402
483204483
483252003
483252084
483252723
483258321
483600645
483606243
483606963
483654564
486000243
486000963
486006561
486054162
486054801
486054882
486402003
486402084
486402723
486408321
486450324
486456642
486804564
486852165
486852804
486852885
486858402
486858483
489204162
489204801
489204882
489252402
489252483
489258000
489258009
489258081
489258720
489258729
489600324
489606642
489654243
489654963
501204240
501204249
501204960
501204969
501252561
501258168
501258807
501258888
501600402
501600483
501606000
501606009
501606081
501606720
501606729
501654321
504000000
504000009
504000081
504000720
504000729
504006327
504054648
504402561
504408168
504408807
504408888
504450162
504450801
504450882
504456408
504456480
504456489
504804321
504852642
504858240
504858249
504858960
504858969
507204648
507252240
507252249
507252960
507252969
507258567
507600162
507600801
507600882
507606408
507606480
507606489
507654000
507654009
507654081
507654720
507654729
522000567
522006165
522006804
522006885
522054405
522054486
522402327
522408645
522450648
522456246
522456966
522804168
522804807
522804888
522852408
522852480
522852489
522858006
522858087
522858726
525204405
525204486
525252006
525252087
525252726
525258324
525600648
525606246
525606966
525654567
528000246
528000966
528006564
528054165
528054804
528054885
528402006
528402087
528402726
528408324
528450327
528456645
528804567
528852168
528852807
528852888
528858405
528858486
540000324
540006642
540054243
540054963
540402165
540402804
540402885
540408402
540408483
540450405
540450486
540456003
540456084
540456723
540804645
540852246
540852966
540858564
543204243
543204963
543252564
543258162
543258801
543258882
543600405
543600486
543606003
543606084
543606723
543654324
546000003
546000084
546000723
546006321
546054642
546402564
546408162
546408801
546408882
546450165
546450804
546450885
546456402
546456483
546804324
546852645
546858243
546858963
549204642
549252243
549252963
549258561
549600165
549600804
549600885
549606402
549606483
549654003
549654084
549654723
561204000
561204009
561204081
561204720
561204729
561252321
561258648
561600243
561600963
561606561
561654162
561654801
561654882
564000561
564006168
564006807
564006888
564054408
564054480
564054489
564402321
564408648
564450642
564456240
564456249
564456960
564456969
564804162
564804801
564804882
564852402
564852483
564858000
564858009
564858081
564858720
564858729
567204408
567204480
567204489
567252000
567252009
567252081
567252720
567252729
567258327
567600642
567606240
567606249
567606960
567606969
567654561
582000327
582006645
582054246
582054966
582402168
582402807
582402888
582408405
582408486
582450408
582450480
582450489
582456006
582456087
582456726
582804648
582852240
582852249
582852960
582852969
582858567
585204246
585204966
585252567
585258165
585258804
585258885
585600408
585600480
585600489
585606006
585606087
585606726
585654327
588000006
588000087
588000726
588006324
588054645
588402567
588408165
588408804
588408885
588450168
588450807
588450888
588456405
588456486
588804327
588852648
588858246
588858966
600000165
600000804
600000885
600006402
600006483
600054003
600054084
600054723
600402645
600408243
600408963
600450246
600450966
600456564
600804405
600804486
600852006
600852087
600852726
600858324
603204003
603204084
603204723
603252324
603258642
603600246
603600966
603606564
603654165
603654804
603654885
606000564
606006162
606006801
606006882
606054402
606054483
606402324
606408642
606450645
606456243
606456963
606804165
606804804
606804885
606852405
606852486
606858003
606858084
606858723
609204402
609204483
609252003
609252084
609252723
609258321
609600645
609606243
609606963
609654564
621204561
621252162
621252801
621252882
621258408
621258480
621258489
621600003
621600084
621600723
621606321
621654642
624000321
624006648
624054240
624054249
624054960
624054969
624402162
624402801
624402882
624408408
624408480
624408489
624450402
624450483
624456000
624456009
624456081
624456720
624456729
624804642
624852243
624852963
624858561
627204240
627204249
627204960
627204969
627252561
627258168
627258807
627258888
627600402
627600483
627606000
627606009
627606081
627606720
627606729
627654321
642000168
642000807
642000888
642006405
642006486
642054006
642054087
642054726
642402648
642408246
642408966
642450240
642450249
642450960
642450969
642456567
642804408
642804480
642804489
642852000
642852009
642852081
642852720
642852729
642858327
645204006
645204087
645204726
645252327
645258645
645600240
645600249
645600960
645600969
645606567
645654168
645654807
645654888
648000567
648006165
648006804
648006885
648054405
648054486
648402327
648408645
648450648
648456246
648456966
648804168
648804807
648804888
648852408
648852480
648852489
648858006
648858087
648858726
660000645
660006243
660006963
660054564
660402405
660402486
660408003
660408084
660408723
660450006
660450087
660450726
660456324
660804246
660804966
660852567
660858165
660858804
660858885
663204564
663252165
663252804
663252885
663258402
663258483
663600006
663600087
663600726
663606324
663654645
666000324
666006642
666054243
666054963
666402165
666402804
666402885
666408402
666408483
666450405
666450486
666456003
666456084
666456723
666804645
666852246
666852966
666858564
669204243
669204963
669252564
669258162
669258801
669258882
669600405
669600486
669606003
669606084
669606723
669654324
681204321
681252642
681258240
681258249
681258960
681258969
681600564
681606162
681606801
681606882
681654402
681654483
684000162
684000801
684000882
684006408
684006480
684006489
684054000
684054009
684054081
684054720
684054729
684402642
684408240
684408249
684408960
684408969
684450243
684450963
684456561
684804402
684804483
684852003
684852084
684852723
684858321
687204000
687204009
687204081
687204720
687204729
687252321
687258648
687600243
687600963
687606561
687654162
687654801
687654882
702000648
702006246
702006966
702054567
702402408
702402480
702402489
702408006
702408087
702408726
702450000
702450009
702450081
702450720
702450729
702456327
702804240
702804249
702804960
702804969
702852561
702858168
702858807
702858888
705204567
705252168
705252807
705252888
705258405
705258486
705600000
705600009
705600081
705600720
705600729
705606327
705654648
708000327
708006645
708054246
708054966
708402168
708402807
708402888
708408405
708408486
708450408
708450480
708450489
708456006
708456087
708456726
708804648
708852240
708852249
708852960
708852969
708858567
720000405
720000486
720006003
720006084
720006723
720054324
720402246
720402966
720408564
720450567
720456165
720456804
720456885
720804006
720804087
720804726
720852327
720858645
723204324
723252645
723258243
723258963
723600567
723606165
723606804
723606885
723654405
723654486
726000165
726000804
726000885
726006402
726006483
726054003
726054084
726054723
726402645
726408243
726408963
726450246
726450966
726456564
726804405
726804486
726852006
726852087
726852726
726858324
729204003
729204084
729204723
729252324
729258642
729600246
729600966
729606564
729654165
729654804
729654885
741204162
741204801
741204882
741252402
741252483
741258000
741258009
741258081
741258720
741258729
741600324
741606642
741654243
741654963
744000642
744006240
744006249
744006960
744006969
744054561
744402402
744402483
744408000
744408009
744408081
744408720
744408729
744450003
744450084
744450723
744456321
744804243
744804963
744852564
744858162
744858801
744858882
747204561
747252162
747252801
747252882
747258408
747258480
747258489
747600003
747600084
747600723
747606321
747654642
762000408
762000480
762000489
762006006
762006087
762006726
762054327
762402240
762402249
762402960
762402969
762408567
762450561
762456168
762456807
762456888
762804000
762804009
762804081
762804720
762804729
762852321
762858648
765204327
765252648
765258246
765258966
765600561
765606168
765606807
765606888
765654408
765654480
765654489
768000168
768000807
768000888
768006405
768006486
768054006
768054087
768054726
768402648
768408246
768408966
768450240
768450249
768450960
768450969
768456567
768804408
768804480
768804489
768852000
768852009
768852081
768852720
768852729
768858327
780000246
780000966
780006564
780054165
780054804
780054885
780402006
780402087
780402726
780408324
780450327
780456645
780804567
780852168
780852807
780852888
780858405
780858486
783204165
783204804
783204885
783252405
783252486
783258003
783258084
783258723
783600327
783606645
783654246
783654966
786000645
786006243
786006963
786054564
786402405
786402486
786408003
786408084
786408723
786450006
786450087
786450726
786456324
786804246
786804966
786852567
786858165
786858804
786858885
789204564
789252165
789252804
789252885
789258402
789258483
789600006
789600087
789600726
789606324
789654645
801204642
801252243
801252963
801258561
801600165
801600804
801600885
801606402
801606483
801654003
801654084
801654723
804000402
804000483
804006000
804006009
804006081
804006720
804006729
804054321
804402243
804402963
804408561
804450564
804456162
804456801
804456882
804804003
804804084
804804723
804852324
804858642
807204321
807252642
807258240
807258249
807258960
807258969
807600564
807606162
807606801
807606882
807654402
807654483
822000240
822000249
822000960
822000969
822006567
822054168
822054807
822054888
822402000
822402009
822402081
822402720
822402729
822408327
822450321
822456648
822804561
822852162
822852801
822852882
822858408
822858480
822858489
825204168
825204807
825204888
825252408
825252480
825252489
825258006
825258087
825258726
825600321
825606648
825654240
825654249
825654960
825654969
828000648
828006246
828006966
828054567
828402408
828402480
828402489
828408006
828408087
828408726
828450000
828450009
828450081
828450720
828450729
828456327
828804240
828804249
828804960
828804969
828852561
828858168
828858807
828858888
840000006
840000087
840000726
840006324
840054645
840402567
840408165
840408804
840408885
840450168
840450807
840450888
840456405
840456486
840804327
840852648
840858246
840858966
843204645
843252246
843252966
843258564
843600168
843600807
843600888
843606405
843606486
843654006
843654087
843654726
846000405
846000486
846006003
846006084
846006723
846054324
846402246
846402966
846408564
846450567
846456165
846456804
846456885
846804006
846804087
846804726
846852327
846858645
849204324
849252645
849258243
849258963
849600567
849606165
849606804
849606885
849654405
849654486
861204402
861204483
861252003
861252084
861252723
861258321
861600645
861606243
861606963
861654564
864000243
864000963
864006561
864054162
864054801
864054882
864402003
864402084
864402723
864408321
864450324
864456642
864804564
864852165
864852804
864852885
864858402
864858483
867204162
867204801
867204882
867252402
867252483
867258000
867258009
867258081
867258720
867258729
867600324
867606642
867654243
867654963
882000000
882000009
882000081
882000720
882000729
882006327
882054648
882402561
882408168
882408807
882408888
882450162
882450801
882450882
882456408
882456480
882456489
882804321
882852642
882858240
882858249
882858960
882858969
885204648
885252240
885252249
885252960
885252969
885258567
885600162
885600801
885600882
885606408
885606480
885606489
885654000
885654009
885654081
885654720
885654729
888000408
888000480
888000489
888006006
888006087
888006726
888054327
888402240
888402249
888402960
888402969
888408567
888450561
888456168
888456807
888456888
888804000
888804009
888804081
888804720
888804729
888852321
888858648
900000567
900006165
900006804
900006885
900054405
900054486
900402327
900408645
900450648
900456246
900456966
900804168
900804807
900804888
900852408
900852480
900852489
900858006
900858087
900858726
903204405
903204486
903252006
903252087
903252726
903258324
903600648
903606246
903606966
903654567
906000246
906000966
906006564
906054165
906054804
906054885
906402006
906402087
906402726
906408324
906450327
906456645
906804567
906852168
906852807
906852888
906858405
906858486
909204165
909204804
909204885
909252405
909252486
909258003
909258084
909258723
909600327
909606645
909654246
909654966
921204243
921204963
921252564
921258162
921258801
921258882
921600405
921600486
921606003
921606084
921606723
921654324
924000003
924000084
924000723
924006321
924054642
924402564
924408162
924408801
924408882
924450165
924450804
924450885
924456402
924456483
924804324
924852645
924858243
924858963
927204642
927252243
927252963
927258561
927600165
927600804
927600885
927606402
927606483
927654003
927654084
927654723
942000561
942006168
942006807
942006888
942054408
942054480
942054489
942402321
942408648
942450642
942456240
942456249
942456960
942456969
942804162
942804801
942804882
942852402
942852483
942858000
942858009
942858081
942858720
942858729
945204408
945204480
945204489
945252000
945252009
945252081
945252720
945252729
945258327
945600642
945606240
945606249
945606960
945606969
945654561
948000240
948000249
948000960
948000969
948006567
948054168
948054807
948054888
948402000
948402009
948402081
948402720
948402729
948408327
948450321
948456648
948804561
948852162
948852801
948852882
948858408
948858480
948858489
960000327
960006645
960054246
960054966
960402168
960402807
960402888
960408405
960408486
960450408
960450480
960450489
960456006
960456087
960456726
960804648
960852240
960852249
960852960
960852969
960858567
963204246
963204966
963252567
963258165
963258804
963258885
963600408
963600480
963600489
963606006
963606087
963606726
963654327
966000006
966000087
966000726
966006324
966054645
966402567
966408165
966408804
966408885
966450168
966450807
966450888
966456405
966456486
966804327
966852648
966858246
966858966
969204645
969252246
969252966
969258564
969600168
969600807
969600888
969606405
969606486
969654006
969654087
969654726
981204003
981204084
981204723
981252324
981258642
981600246
981600966
981606564
981654165
981654804
981654885
984000564
984006162
984006801
984006882
984054402
984054483
984402324
984408642
984450645
984456243
984456963
984804165
984804804
984804885
984852405
984852486
984858003
984858084
984858723
987204402
987204483
987252003
987252084
987252723
987258321
987600645
987606243
987606963
987654564
1020005640
1020061620
1020068010
1020068820
1020544020
1020544830
1024023240
1024086420
1024506450
1024562430
1024569630
1028041650
1028048040
1028048850
1028524050
1028524860
1028580030
1028580840
1028587230
1052044020
1052044830
1052520030
1052520840
1052527230
1052583210
1056006450
1056062430
1056069630
1056545640
1080002430
1080009630
1080065610
1080541620
1080548010
1080548820
1084020030
1084020840
1084027230
1084083210
1084503240
1084566420
1088045640
1088521650
1088528040
1088528850
1088584020
1088584830
1200003210
1200066480
1200542400
1200542490
1200549600
1200549690
1204021620
1204028010
1204028820
1204084080
1204084800
1204084890
1204504020
1204504830
1204560000
1204560090
1204560810
1204567200
1204567290
1208046420
1208522430
1208529630
1208585610
1232042400
1232042490
1232049600
1232049690
1232525610
1232581680
1232588070
1232588880
1236004020
1236004830
1236060000
1236060090
1236060810
1236067200
1236067290
1236543210
1260000000
1260000090
1260000810
1260007200
1260007290
1260063270
1260546480
1264025610
1264081680
1264088070
1264088880
1264501620
1264508010
1264508820
1264564080
1264564800
1264564890
1268043210
1268526420
1268582400
1268582490
1268589600
1268589690
1292046480
1292522400
1292522490
1292529600
1292529690
1292585670
1296001620
1296008010
1296008820
1296064080
1296064800
1296064890
1296540000
1296540090
1296540810
1296547200
1296547290
1412040060
1412040870
1412047260
1412523270
1412586450
1416002400
1416002490
1416009600
1416009690
1416065670
1416541680
1416548070
1416548880
1440005670
1440061650
1440068040
1440068850
1440544050
1440544860
1444023270
1444086450
1444506480
1444562460
1444569660
1448041680
1448048070
1448048880
1448524080
1448524800
1448524890
1448580060
1448580870
1448587260
1472044050
1472044860
1472520060
1472520870
1472527260
1472583240
1476006480
1476062460
1476069660
1476545670
1620003240
1620066420
1620542430
1620549630
1624021650
1624028040
1624028850
1624084020
1624084830
1624504050
1624504860
1624560030
1624560840
1624567230
1628046450
1628522460
1628529660
1628585640
1652042430
1652049630
1652525640
1652581620
1652588010
1652588820
1656004050
1656004860
1656060030
1656060840
1656067230
1656543240
1680000030
1680000840
1680007230
1680063210
1680546420
1684025640
1684081620
1684088010
1684088820
1684501650
1684508040
1684508850
1684564020
1684564830
1688043240
1688526450
1688582430
1688589630
1800001620
1800008010
1800008820
1800064080
1800064800
1800064890
1800540000
1800540090
1800540810
1800547200
1800547290
1804026420
1804082400
1804082490
1804089600
1804089690
1804502430
1804509630
1804565610
1808044020
1808044830
1808520030
1808520840
1808527230
1808583210
1832040000
1832040090
1832040810
1832047200
1832047290
1832523210
1832586480
1836002430
1836009630
1836065610
1836541620
1836548010
1836548820
1860005610
1860061680
1860068070
1860068880
1860544080
1860544800
1860544890
1864023210
1864086480
1864506420
1864562400
1864562490
1864569600
1864569690
1868041620
1868048010
1868048820
1868524020
1868524830
1868580000
1868580090
1868580810
1868587200
1868587290
1892044080
1892044800
1892044890
1892520000
1892520090
1892520810
1892527200
1892527290
1892583270
1896006420
1896062400
1896062490
1896069600
1896069690
1896545610
2012045670
2012521680
2012528070
2012528880
2012584050
2012584860
2016000000
2016000090
2016000810
2016007200
2016007290
2016063270
2016546480
2040003270
2040066450
2040542460
2040549660
2044021680
2044028070
2044028880
2044084050
2044084860
2044504080
2044504800
2044504890
2044560060
2044560870
2044567260
2048046480
2048522400
2048522490
2048529600
2048529690
2048585670
2072042460
2072049660
2072525670
2072581650
2072588040
2072588850
2076004080
2076004800
2076004890
2076060060
2076060870
2076067260
2076543270
2252040030
2252040840
2252047230
2252523240
2252586420
2256002460
2256009660
2256065640
2256541650
2256548040
2256548850
2280005640
2280061620
2280068010
2280068820
2280544020
2280544830
2284023240
2284086420
2284506450
2284562430
2284569630
2288041650
2288048040
2288048850
2288524050
2288524860
2288580030
2288580840
2288587230
2400006420
2400062400
2400062490
2400069600
2400069690
2400545610
2404024020
2404024830
2404080000
2404080090
2404080810
2404087200
2404087290
2404500030
2404500840
2404507230
2404563210
2408042430
2408049630
2408525640
2408581620
2408588010
2408588820
2432045610
2432521620
2432528010
2432528820
2432584080
2432584800
2432584890
2436000030
2436000840
2436007230
2436063210
2436546420
2460003210
2460066480
2460542400
2460542490
2460549600
2460549690
2464021620
2464028010
2464028820
2464084080
2464084800
2464084890
2464504020
2464504830
2464560000
2464560090
2464560810
2464567200
2464567290
2468046420
2468522430
2468529630
2468585610
2492042400
2492042490
2492049600
2492049690
2492525610
2492581680
2492588070
2492588880
2496004020
2496004830
2496060000
2496060090
2496060810
2496067200
2496067290
2496543210
2612043270
2612526480
2612582460
2612589660
2616005610
2616061680
2616068070
2616068880
2616544080
2616544800
2616544890
2640001680
2640008070
2640008880
2640064050
2640064860
2640540060
2640540870
2640547260
2644026480
2644082460
2644089660
2644502400
2644502490
2644509600
2644509690
2644565670
2648044080
2648044800
2648044890
2648520000
2648520090
2648520810
2648527200
2648527290
2648583270
2672040060
2672040870
2672047260
2672523270
2672586450
2676002400
2676002490
2676009600
2676009690
2676065670
2676541680
2676548070
2676548880
2820006450
2820062430
2820069630
2820545640
2824024050
2824024860
2824080030
2824080840
2824087230
2824500060
2824500870
2824507260
2824563240
2828042460
2828049660
2828525670
2828581650
2828588040
2828588850
2852045640
2852521650
2852528040
2852528850
2852584020
2852584830
2856000060
2856000870
2856007260
2856063240
2856546450
2880003240
2880066420
2880542430
2880549630
2884021650
2884028040
2884028850
2884084020
2884084830
2884504050
2884504860
2884560030
2884560840
2884567230
2888046450
2888522460
2888529660
2888585640
3000004020
3000004830
3000060000
3000060090
3000060810
3000067200
3000067290
3000543210
3004022430
3004029630
3004085610
3004505640
3004561620
3004568010
3004568820
3008040030
3008040840
3008047230
3008523240
3008586420
3032043210
3032526420
3032582400
3032582490
3032589600
3032589690
3036005640
3036061620
3036068010
3036068820
3036544020
3036544830
3060001620
3060008010
3060008820
3060064080
3060064800
3060064890
3060540000
3060540090
3060540810
3060547200
3060547290
3064026420
3064082400
3064082490
3064089600
3064089690
3064502430
3064509630
3064565610
3068044020
3068044830
3068520030
3068520840
3068527230
3068583210
3092040000
3092040090
3092040810
3092047200
3092047290
3092523210
3092586480
3096002430
3096009630
3096065610
3096541620
3096548010
3096548820
3212041680
3212048070
3212048880
3212524080
3212524800
3212524890
3212580060
3212580870
3212587260
3216003210
3216066480
3216542400
3216542490
3216549600
3216549690
3240006480
3240062460
3240069660
3240545670
3244024080
3244024800
3244024890
3244080060
3244080870
3244087260
3244500000
3244500090
3244500810
3244507200
3244507290
3244563270
3248042400
3248042490
3248049600
3248049690
3248525610
3248581680
3248588070
3248588880
3272045670
3272521680
3272528070
3272528880
3272584050
3272584860
3276000000
3276000090
3276000810
3276007200
3276007290
3276063270
3276546480
3420004050
3420004860
3420060030
3420060840
3420067230
3420543240
3424022460
3424029660
3424085640
3424505670
3424561650
3424568040
3424568850
3428040060
3428040870
3428047260
3428523270
3428586450
3452043240
3452526450
3452582430
3452589630
3456005670
3456061650
3456068040
3456068850
3456544050
3456544860
3480001650
3480008040
3480008850
3480064020
3480064830
3480540030
3480540840
3480547230
3484026450
3484082430
3484089630
3484502460
3484509660
3484565640
3488044050
3488044860
3488520060
3488520870
3488527260
3488583240
3600002430
3600009630
3600065610
3600541620
3600548010
3600548820
3604020030
3604020840
3604027230
3604083210
3604503240
3604566420
3608045640
3608521650
3608528040
3608528850
3608584020
3608584830
3632041620
3632048010
3632048820
3632524020
3632524830
3632580000
3632580090
3632580810
3632587200
3632587290
3636003240
3636066420
3636542430
3636549630
3660006420
3660062400
3660062490
3660069600
3660069690
3660545610
3664024020
3664024830
3664080000
3664080090
3664080810
3664087200
3664087290
3664500030
3664500840
3664507230
3664563210
3668042430
3668049630
3668525640
3668581620
3668588010
3668588820
3692045610
3692521620
3692528010
3692528820
3692584080
3692584800
3692584890
3696000030
3696000840
3696007230
3696063210
3696546420
3812046480
3812522400
3812522490
3812529600
3812529690
3812585670
3816001620
3816008010
3816008820
3816064080
3816064800
3816064890
3816540000
3816540090
3816540810
3816547200
3816547290
3840004080
3840004800
3840004890
3840060060
3840060870
3840067260
3840543270
3844022400
3844022490
3844029600
3844029690
3844085670
3844505610
3844561680
3844568070
3844568880
3848040000
3848040090
3848040810
3848047200
3848047290
3848523210
3848586480
3872043270
3872526480
3872582460
3872589660
3876005610
3876061680
3876068070
3876068880
3876544080
3876544800
3876544890
4020002460
4020009660
4020065640
4020541650
4020548040
4020548850
4024020060
4024020870
4024027260
4024083240
4024503270
4024566450
4028045670
4028521680
4028528070
4028528880
4028584050
4028584860
4052041650
4052048040
4052048850
4052524050
4052524860
4052580030
4052580840
4052587230
4056003270
4056066450
4056542460
4056549660
4080006450
4080062430
4080069630
4080545640
4084024050
4084024860
4084080030
4084080840
4084087230
4084500060
4084500870
4084507260
4084563240
4088042460
4088049660
4088525670
4088581650
4088588040
4088588850
4200000030
4200000840
4200007230
4200063210
4200546420
4204025640
4204081620
4204088010
4204088820
4204501650
4204508040
4204508850
4204564020
4204564830
4208043240
4208526450
4208582430
4208589630
4232046420
4232522430
4232529630
4232585610
4236001650
4236008040
4236008850
4236064020
4236064830
4236540030
4236540840
4236547230
4260004020
4260004830
4260060000
4260060090
4260060810
4260067200
4260067290
4260543210
4264022430
4264029630
4264085610
4264505640
4264561620
4264568010
4264568820
4268040030
4268040840
4268047230
4268523240
4268586420
4292043210
4292526420
4292582400
4292582490
4292589600
4292589690
4296005640
4296061620
4296068010
4296068820
4296544020
4296544830
4412044080
4412044800
4412044890
4412520000
4412520090
4412520810
4412527200
4412527290
4412583270
4416006420
4416062400
4416062490
4416069600
4416069690
4416545610
4440002400
4440002490
4440009600
4440009690
4440065670
4440541680
4440548070
4440548880
4444020000
4444020090
4444020810
4444027200
4444027290
4444083270
4444503210
4444566480
4448045610
4448521620
4448528010
4448528820
4448584080
4448584800
4448584890
4472041680
4472048070
4472048880
4472524080
4472524800
4472524890
4472580060
4472580870
4472587260
4476003210
4476066480
4476542400
4476542490
4476549600
4476549690
4620000060
4620000870
4620007260
4620063240
4620546450
4624025670
4624081650
4624088040
4624088850
4624501680
4624508070
4624508880
4624564050
4624564860
4628043270
4628526480
4628582460
4628589660
4652046450
4652522460
4652529660
4652585640
4656001680
4656008070
4656008880
4656064050
4656064860
4656540060
4656540870
4656547260
4680004050
4680004860
4680060030
4680060840
4680067230
4680543240
4684022460
4684029660
4684085640
4684505670
4684561650
4684568040
4684568850
4688040060
4688040870
4688047260
4688523270
4688586450
4800005640
4800061620
4800068010
4800068820
4800544020
4800544830

Total time: 1 minutes 22 seconds
